energy/D:p_stop_mean/D:p_stop_rms/D:proton_mean/D:proton_rms/D:deuteron_mean/D:deuteron_rms/D:triton_mean/D:triton_rms/D:alpha_mean/D:alpha_rms/D
0 0 0 150 0 0 0 0 0 0 0 
100 0 0 150 0 0 0 0 0 0 0 
200 150 0 187.5 69.5971 0 0 0 0 0 0 
300 150 0 213.636 97.9121 0 0 0 0 0 0 
400 0 0 270 132.665 0 0 0 0 0 0 
500 200 50 326.923 152.688 0 0 0 0 0 0 
600 200 50 343.333 180.616 0 0 0 0 0 0 
700 0 0 330 216.641 0 0 0 0 0 0 
800 350 100 442.857 291.46 0 0 0 0 0 0 
900 350 100 511.538 273.266 0 0 0 0 0 0 
1000 150 0 370 218.174 0 0 0 0 0 0 
1100 150 0 233.333 89.7527 0 0 0 0 0 0 
1200 250 0 378.571 365.335 0 0 0 0 0 0 
1300 250 0 340 311.288 0 0 0 0 0 0 
1400 250 0 290 128.062 0 0 0 0 0 0 
1500 250 0 278.571 157.791 0 0 0 0 0 0 
1600 250 0 316.667 249.444 0 0 0 0 0 0 
1700 150 0 340.909 257.451 0 0 0 0 0 0 
1800 150 0 340.909 210.862 0 0 0 0 0 0 
1900 250 100 338.889 119.67 0 0 0 0 0 0 
2000 850 921.954 275 123.322 0 0 0 0 0 0 
2100 1931.82 623.506 273.077 118.671 0 0 0 0 0 0 
2200 2032.08 375.511 234.615 86.3459 0 0 0 0 0 0 
2300 1980.23 268.346 240.909 89.9954 0 0 0 0 0 0 
2400 1860.07 186.362 275 147.902 0 0 0 0 0 0 
2500 1723.52 187.025 250 192.725 0 0 0 0 0 0 
2600 1639.9 124.39 210 205.913 0 0 1250 0 0 0 
2700 1560.07 116.789 184.783 211.842 0 0 1250 0 0 0 
2800 1474.91 159.665 171.739 161.397 2775 108.972 0 0 0 0 
2900 1404.55 167.134 130.952 79.3968 2807.14 134.771 0 0 0 0 
3000 1359.85 135.939 132.812 69.7197 2744.12 186.202 0 0 0 0 
3100 1314.18 132.936 138.608 65.5789 2497.06 178.614 0 0 3250 0 
3200 1265.28 133.759 150 58.6033 2355 97.3396 3250 0 3250 0 
3300 1232.06 115.323 155.128 43.0586 2296.15 92.9465 3250 0 0 0 
3400 1197.35 82.0694 167.45 95.3493 2191.18 97.3703 3050 100 0 0 
3500 1170.82 60.0624 171.788 105.836 2110 101.98 2930 116.619 0 0 
3600 1133.88 82.7434 163.187 76.6163 2032.61 76.0559 2795.45 65.5555 0 0 
3700 1104.44 80.1156 158.939 51.0065 1977.78 80.3157 2750 77.4597 0 0 
3800 1080.57 64.2738 155.747 31.6457 1954.76 84.3812 2666.67 134.371 0 0 
3900 1053.67 82.9727 155.618 36.2871 1892.11 99.0257 2635.71 135.526 0 0 
4000 1031.78 97.2428 159.794 52.3367 1813.64 82.8221 2510 101.98 0 0 
4100 1007.33 82.4729 159.05 45.717 1777.27 91.3625 2450 81.6497 0 0 
4200 988.075 55.7758 155.738 28.0491 1718.42 79.8197 2550 0 0 0 
4300 976.829 53.4549 154.545 22.7273 1676.92 44.356 2283.33 47.1405 0 0 
4400 956.173 52.9283 157.054 32.7196 1646.55 49.0092 2266.67 106.719 0 0 
4500 933.043 69.9027 160.8 39.0302 1625 59.5119 2216.67 105.409 0 0 
4600 916.176 71.2844 158.462 31.7069 1600 62.6783 2207.14 72.8431 0 0 
4700 895.652 51.947 155.166 22.1341 1568.75 72.6184 2130 74.8331 0 0 
4800 873.56 50.3381 157.914 31.8828 1530 84.8528 2050 75.5929 0 0 
4900 861.374 46.3196 162.403 37.3705 1478.57 54.7101 1983.33 47.1405 0 0 
5000 852.5 44.088 168.182 48.5507 1465.79 58.608 2005.56 68.4935 0 0 
5100 838.649 46.8559 169.776 49.0654 1455.26 68.6232 2000 70.7107 0 0 
5200 817.347 59.3769 174.915 43.2519 1434.21 74.4323 1925 108.972 0 0 
5300 803.333 60.989 180.263 45.9397 1402.63 67.811 1938.89 109.994 0 0 
5400 798.469 51.9783 181.148 48.387 1373.53 72.9981 1950 81.6497 0 0 
5500 788.35 52.4654 186.538 56.1437 1340 53.8516 1875 108.972 0 0 
5600 771.359 48.5728 191.311 55.5 1350 60.3023 1807.14 90.3508 0 0 
5700 760.732 45.0685 188.971 48.7684 1333.33 68.7184 1805.56 106.574 0 0 
5800 750.995 45.7008 190.613 49.1109 1285.71 47.9157 1770 97.9796 0 0 
5900 740.426 40.1305 202.518 50.6518 1276.67 44.2217 1750 0 0 0 
6000 721.795 58.8293 212.452 51.4923 1266.67 60.0925 1750 0 0 0 
6100 714.39 65.1471 213.052 55.2497 1245.45 63.7985 1675 43.3013 0 0 
6200 707.868 61.3016 217.965 52.757 1202.17 58.0072 1662.5 59.9479 0 0 
6300 689.487 54.8167 226.712 44.3745 1184.78 47.628 1650 63.2456 0 0 
6400 681.016 46.2559 231.481 47.4305 1173.53 42.4183 1700 50 0 0 
6500 674.176 44.0795 232.212 47.2403 1130 104.563 1650 100 0 0 
6600 670 41.5331 228.049 42.5538 1144.12 110.988 1550 0 0 0 
6700 664.881 37.225 229.724 41.3362 1165.79 48.8085 1575 43.3013 0 0 
6800 657.527 38.0621 235.463 36.4762 1150 36.5148 1562.5 33.0719 0 0 
6900 646.045 38.8559 240.455 30.8924 1116.67 47.1405 1500 76.3763 0 0 
7000 643.956 35.0315 242.308 31.5994 1110 48.9898 1450 63.2456 0 0 
7100 640.857 40.3819 245.327 25.147 1064.29 34.9927 1450 63.2456 0 0 
7200 629.012 47.7029 247.073 19.5366 1050 39.2232 1416.67 47.1405 0 0 
7300 622.785 49.8717 246.907 24.6778 1055.88 53.9127 1450 70.7107 0 0 
7400 617.416 49.2078 249.505 18.6089 1064.29 51.5079 1450 63.2456 0 0 
7500 606.15 49.6204 250.508 18.8434 1050 53.4522 1433.33 37.2678 0 0 
7600 593.03 49.5119 252.062 22.61 1050 57.735 1416.67 47.1405 0 0 
7700 588.547 49.8053 254.42 23.0857 1037.5 59.9479 1416.67 47.1405 0 0 
7800 584.239 49.6889 253.727 21.9774 1033.33 68.7184 1375 43.3013 0 0 
7900 574.516 45.9199 255.556 33.7931 1025 82.9156 1370 40 0 0 
8000 575 44.7214 260.778 40.9906 988.462 62.4926 1400 50 0 0 
8100 571.656 41.1901 260.753 34.2739 985.294 58.8235 1450 0 0 0 
8200 562.414 38.7436 257.104 25.6889 983.333 47.1405 1400 50 0 0 
8300 560.135 39.8305 255.674 23.1341 966.667 37.2678 1350 0 0 0 
8400 553.704 45.6623 258.955 28.5539 964.286 34.9927 1350 0 0 0 
8500 550.571 43.4211 256.757 25.1002 930 60 1300 50 0 0 
8600 548.837 32.3289 258.276 27.5517 921.429 58.9015 1250 0 0 0 
8700 545.858 33.2732 259.79 29.7182 940.909 51.4259 1250 0 0 0 
8800 542.169 38.0091 257.432 26.2298 950 0 1250 0 0 0 
8900 535.294 41.5321 259.353 29.1167 940 30 1200 50 8850 0 
9000 531.356 40.3708 263.889 34.5831 905.556 49.6904 1150 0 8910 80 
9100 525.758 42.855 266.234 36.876 887.5 48.4123 0 0 8790 195.959 
9200 518.125 47.9216 266.197 36.8425 866.667 37.2678 0 0 8700 206.155 
9300 513.19 50.7091 269.531 39.6441 850 0 1150 63.2456 8390 249.8 
9400 512.59 49.8536 269.531 39.6441 850 0 1150 57.735 8300 253.969 
9500 506.463 52.2527 272.556 46.8826 837.5 33.0719 1200 50 8121.43 271.052 
9600 499.708 52.2861 278.205 52.0456 850 42.6401 1200 50 7780 328.786 
9700 496.053 51.1468 272.034 45.3528 850 40.8248 1150 0 7597.06 230.39 
9800 481.081 47.7201 268.584 41.11 833.333 37.2678 1150 0 7650 271.448 
9900 476.415 44.088 280.303 45.9568 830 40 1175 43.3013 7511.54 292.308 
10000 484.247 47.4534 285.052 47.7131 827.778 41.574 1130 74.8331 7360 202.237 
10100 481.206 46.3333 284.444 47.5187 835.714 34.9927 1083.33 47.1405 7150 268.901 
10200 472.819 43.5363 293.299 51.5876 850 0 1150 0 7014.29 228.683 
10300 467.532 39.6955 297.312 52.0368 812.5 48.4123 1100 50 6857.14 186.946 
10400 466.783 37.3717 296.154 49.8519 792.857 49.4872 1070 40 6767.65 228.126 
10500 463.768 36.499 296.667 49.8888 816.667 47.1405 1050 0 6668.18 164.141 
10600 459.589 31.685 293.902 49.6268 800 50 0 0 6678.57 166.599 
10700 458.333 34.3592 286.709 48.2011 766.667 68.7184 0 0 6612.5 157.619 
10800 456.122 35.4264 292.045 49.3632 786.364 64.2824 950 0 6534.62 187.478 
10900 455.97 31.7669 299.451 49.997 800 50 1000 50 6436.67 170.75 
11000 453.077 30.226 303.247 52.4328 770 40 1050 0 6434.62 276.923 
11100 451.439 39.7576 310.976 53.5476 750 0 1050 0 6361.11 344.624 
11200 445.349 41.034 310 51.6398 750 0 0 0 6212.5 199.609 
11300 441.791 40.6083 306.164 49.6185 750 0 0 0 6250 300 
11400 442.806 44.3016 309.551 49.0794 775 43.3013 0 0 6090 338.231 
11500 439.13 41.1515 312.025 48.5324 783.333 47.1405 0 0 5937.5 236.841 
11600 432.639 46.1427 309.211 49.1443 750 0 1025 43.3013 5904.55 238.799 
11700 427.083 48.1876 314.865 47.7392 683.333 47.1405 1000 50 5850 178.885 
11800 422.078 49.012 315.789 47.4415 650 0 983.333 47.1405 5695.45 192.418 
11900 419.178 49.0528 303.086 49.9046 730 40 1050 0 5642.31 177.424 
12000 421.97 46.5709 309.756 49.0389 733.333 37.2678 1000 50 5707.14 212.852 
12100 420.068 47.2581 325.362 43.0901 716.667 47.1405 1000 50 5607.14 72.8431 
12200 414.901 47.7281 330 40 700 50 0 0 5650 104.447 
12300 408.389 49.2912 323.585 48.1779 700 50 950 0 5587.5 205.776 
12400 406.391 49.5899 322.222 48.7498 700 50 950 0 5412.5 157.619 
12500 407.143 49.4872 321.739 45.0268 694.444 49.6904 0 0 5362.5 105.327 
12600 397.748 49.9492 325.862 46.6474 690 48.9898 950 0 5407.14 244.114 
12700 393.363 49.5575 327.049 49.2349 692.857 49.4872 950 0 5337.5 242.061 
12800 397.475 49.9362 325.926 46.8851 700 50 950 63.2456 5262.5 59.9479 
12900 389.316 48.8452 333.636 36.9945 700 50 935.714 63.8877 5233.33 186.339 
13000 385 47.697 333.333 37.2678 683.333 47.1405 916.667 47.1405 5216.67 184.089 
13100 386.296 49.602 329.487 40.3795 650 0 950 0 5125 119.896 
13200 383.582 48.7822 325.61 42.9435 650 0 950 0 5040 104.403 
13300 382.52 46.8451 315.517 47.5312 670 40 950 0 5035.71 83.2993 
13400 380.252 45.935 325 43.3013 683.333 47.1405 0 0 5025 82.9156 
13500 374.8 43.1852 335.714 44.0315 650 0 0 0 4983.33 47.1405 
13600 372.222 41.574 337.879 47.7213 650 0 0 0 4950 141.421 
13700 373.438 42.3608 339.189 38.7911 650 0 0 0 5000 206.155 
13800 371.26 42.7958 329.31 40.5081 650 0 850 0 4938.89 179.161 
13900 365.909 38.5918 316.667 47.1405 650 0 850 0 4807.14 90.3508 
14000 362.069 32.5766 336.364 34.3174 650 0 866.667 37.2678 4850 141.421 
14100 364.953 35.6613 327.143 41.9913 650 0 900 50 4862.5 126.861 
14200 361.966 37.3535 328.049 41.3916 650 0 0 0 4764.29 112.486 
14300 359.836 34.8529 350 35.3553 616.667 47.1405 850 0 4687.5 121.835 
14400 360.4 30.5261 359.524 29.3544 600 50 850 0 4675 129.904 
14500 354.688 27.555 339.474 30.6892 607.143 49.4872 0 0 4640 130 
14600 352.344 23.2676 336.957 33.6781 616.667 47.1405 850 0 4612.5 85.6957 
14700 356.107 26.9456 345.238 21.2959 630 40 850 0 4500 160.728 
14800 359.244 31.7331 343.75 24.2061 616.667 47.1405 850 0 4492.86 149.83 
14900 355.833 29.7092 333.333 37.2678 650 0 850 0 4570 116.619 
15000 347.761 35.5478 334.615 36.0801 600 50 850 0 4550 81.6497 
15100 344.118 32.5244 336.667 33.9935 550 0 850 0 4700 50 
15200 343.103 28.5396 331.818 38.5695 550 0 0 0 4550 216.025 
15300 345.575 36.1643 327.778 41.574 550 0 0 0 4410 149.666 
15400 349.099 31.4671 335.714 34.9927 550 0 850 0 4350 100 
15500 343.636 30.9759 350 0 650 0 850 0 4250 0 
15600 342.405 30.9027 350 0 650 0 800 50 4350 57.735 
15700 345.455 29.8065 350 0 600 50 750 0 4335.71 63.8877 
15800 342.857 37.1154 350 0 583.333 47.1405 0 0 4250 0 
15900 344.118 23.5294 0 0 600 50 0 0 4150 100 
16000 350 0 350 0 625 43.3013 0 0 4116.67 94.2809 
16100 350 0 350 0 600 50 0 0 4250 216.025 
16200 350 0 450 0 600 50 750 0 4233.33 146.249 
16300 350 0 450 0 600 50 750 0 4190 48.9898 
16400 350 0 0 0 583.333 47.1405 750 0 4125 82.9156 
16500 350 0 0 0 583.333 47.1405 750 0 4064.29 98.9743 
16600 350 0 0 0 500 50 750 0 4030 116.619 
16700 0 0 0 0 516.667 47.1405 750 0 4075 163.936 
16800 250 0 0 0 550 0 750 0 4083.33 137.437 
16900 250 0 0 0 516.667 47.1405 750 0 4090 101.98 
17000 0 0 0 0 500 50 0 0 4075 108.972 
17100 0 0 0 0 550 0 0 0 4000 50 
17200 0 0 0 0 550 0 0 0 3950 0 
17300 0 0 0 0 0 0 0 0 4016.67 94.2809 
17400 0 0 0 0 550 0 0 0 4150 0 
17500 0 0 0 0 500 50 0 0 0 0 
17600 0 0 0 0 450 0 0 0 3750 0 
17700 0 0 0 0 550 0 0 0 3750 81.6497 
17800 0 0 0 0 516.667 47.1405 0 0 3750 100 
17900 0 0 0 0 500 50 0 0 3750 0 
18000 0 0 0 0 450 0 0 0 3816.67 94.2809 
18100 0 0 0 0 500 50 0 0 3750 141.421 
18200 250 0 0 0 550 0 0 0 3650 81.6497 
18300 250 0 0 0 0 0 0 0 3650 0 
18400 0 0 0 0 550 0 0 0 3650 0 
18500 0 0 0 0 550 0 0 0 3616.67 47.1405 
18600 0 0 0 0 550 0 750 0 3583.33 47.1405 
18700 0 0 0 0 500 50 750 0 3500 50 
18800 0 0 0 0 510 48.9898 750 0 3500 50 
18900 0 0 0 0 550 0 750 0 3550 0 
19000 0 0 0 0 0 0 0 0 3550 0 
19100 0 0 0 0 450 0 650 0 3600 50 
19200 0 0 0 0 450 0 650 0 3600 50 
19300 0 0 0 0 450 0 650 0 3650 200 
19400 0 0 0 0 450 0 0 0 3550 216.025 
19500 0 0 0 0 450 0 0 0 3490 101.98 
19600 0 0 0 0 450 0 650 0 3530 74.8331 
19700 0 0 0 0 550 0 650 0 3550 0 
19800 0 0 0 0 550 0 0 0 3350 0 
19900 0 0 0 0 550 0 0 0 3425 192.029 
20000 0 0 0 0 450 0 0 0 3525 192.029 
20100 0 0 0 0 450 0 650 0 3500 86.6025 
20200 350 0 0 0 550 0 650 0 3430 40 
20300 350 0 0 0 550 0 0 0 3416.67 47.1405 
20400 0 0 0 0 500 50 0 0 3316.67 47.1405 
20500 0 0 0 0 450 0 0 0 3316.67 47.1405 
20600 0 0 0 0 0 0 0 0 0 0 
20700 0 0 0 0 450 0 0 0 3350 0 
20800 0 0 0 0 450 0 0 0 3300 50 
20900 0 0 0 0 0 0 650 0 3266.67 68.7184 
21000 0 0 0 0 450 0 650 0 3300 95.7427 
21100 0 0 0 0 450 0 0 0 3450 0 
21200 0 0 0 0 550 0 0 0 3150 0 
21300 0 0 0 0 550 0 0 0 3150 0 
21400 0 0 0 0 0 0 0 0 0 0 
21500 0 0 0 0 0 0 0 0 3150 0 
21600 0 0 0 0 0 0 0 0 3150 0 
21700 0 0 0 0 0 0 0 0 3200 50 
21800 0 0 0 0 0 0 0 0 3175 82.9156 
21900 0 0 0 0 0 0 0 0 3116.67 94.2809 
22000 0 0 0 0 0 0 0 0 3050 0 
22100 0 0 0 0 0 0 550 0 3200 50 
22200 0 0 0 0 0 0 550 0 3200 50 
22300 0 0 0 0 0 0 0 0 3250 0 
22400 0 0 0 0 0 0 650 0 3250 0 
22500 0 0 0 0 0 0 650 0 0 0 
22600 0 0 0 0 0 0 0 0 0 0 
22700 250 0 0 0 0 0 0 0 0 0 
22800 250 0 0 0 0 0 650 0 2950 0 
22900 0 0 0 0 0 0 650 0 2950 0 
23000 0 0 0 0 0 0 0 0 2950 0 
23100 0 0 0 0 0 0 0 0 0 0 
23200 0 0 0 0 0 0 0 0 2950 0 
23300 0 0 0 0 0 0 650 0 2950 0 
23400 0 0 0 0 0 0 650 0 3050 0 
23500 0 0 0 0 0 0 0 0 3050 0 
23600 0 0 0 0 0 0 0 0 0 0 
23700 0 0 0 0 0 0 0 0 0 0 
23800 0 0 0 0 0 0 0 0 2950 0 
23900 0 0 0 0 0 0 0 0 2950 0 
24000 0 0 0 0 0 0 0 0 0 0 
24100 0 0 0 0 0 0 0 0 0 0 
24200 0 0 0 0 0 0 0 0 2850 0 
24300 0 0 0 0 0 0 0 0 2850 0 
24400 0 0 0 0 0 0 0 0 0 0 
24500 0 0 0 0 0 0 0 0 0 0 
24600 0 0 0 0 0 0 0 0 0 0 
24700 0 0 0 0 0 0 0 0 0 0 
24800 0 0 0 0 0 0 0 0 0 0 
24900 0 0 0 0 0 0 0 0 2455.41 280.873 
25000 0 0 0 0 0 0 0 0 2455.41 280.873 