energy/D:p_stop_mean/D:p_stop_rms/D:proton_mean/D:proton_rms/D:deuteron_mean/D:deuteron_rms/D:triton_mean/D:triton_rms/D:alpha_mean/D:alpha_rms/D
0 0 0 150 0 50 0 0 0 0 0 
100 0 0 200 50 0 0 0 0 0 0 
200 0 0 233.333 68.7184 0 0 0 0 0 0 
300 0 0 250 70.7107 0 0 0 0 0 0 
400 0 0 280 90 350 0 0 0 0 0 
500 350 0 313.636 97.9121 350 0 0 0 0 0 
600 300 50 320 110 0 0 0 0 0 0 
700 200 50 362.5 126.861 0 0 0 0 0 0 
800 283.333 188.562 290 128.062 0 0 0 0 0 0 
900 275 163.936 310 221.51 0 0 0 0 0 0 
1000 200 50 335.714 212.212 0 0 0 0 0 0 
1100 0 0 300 154.11 0 0 0 0 0 0 
1200 450 0 238.889 109.994 0 0 0 0 0 0 
1300 350 100 358.333 295.687 0 0 0 0 0 0 
1400 250 0 422.727 295.699 0 0 0 0 0 0 
1500 183.333 47.1405 321.429 148.461 0 0 1150 0 0 0 
1600 150 0 225 108.972 0 0 1150 0 0 0 
1700 390 195.959 221.429 122.057 0 0 0 0 0 0 
1800 366.667 186.339 250 135.401 0 0 0 0 0 0 
1900 200 50 286.364 205.704 0 0 0 0 0 0 
2000 0 0 403.846 408.779 0 0 0 0 0 0 
2100 2092.31 401.126 564.286 589.015 0 0 0 0 0 0 
2200 2031.16 292.305 581.25 670.558 0 0 0 0 0 0 
2300 1964.34 236.26 414.286 562.656 0 0 0 0 0 0 
2400 1854.62 201.098 192.857 72.8431 0 0 0 0 0 0 
2500 1737.89 149.902 135.714 74.2307 0 0 0 0 0 0 
2600 1644.4 134.409 150 103.28 0 0 0 0 0 0 
2700 1557.75 151.666 154.545 92.8208 2850 0 0 0 0 0 
2800 1483.99 140.125 133.784 67.8373 2825 108.972 0 0 0 0 
2900 1429.1 111.682 164.815 148.333 2556.67 579.041 0 0 0 0 
3000 1373.6 69.592 166 136.665 2540 494.874 0 0 0 0 
3100 1324.82 67.1412 158.046 86.0612 2558.33 125.554 0 0 0 0 
3200 1286.3 88.7004 151.98 62.9005 2325 116.369 3200 50 0 0 
3300 1229.06 123.472 157.5 78.7004 2256.25 124.844 3200 50 0 0 
3400 1185.93 114.563 166.216 83.8709 2226.92 147.564 3016.67 94.2809 0 0 
3500 1165.83 78.5237 167.801 96.5227 2116.67 107.497 2950 129.099 0 0 
3600 1130.54 122.914 162.887 86.0886 2050 76.6965 2790 111.355 0 0 
3700 1094.96 151.588 151.093 18.0741 1975 72.1688 2740.91 89.9954 0 0 
3800 1071.3 122.041 150.513 16.0046 1910 66.3325 2683.33 110.554 0 0 
3900 1044.22 123.333 155.102 40.0827 1870 74.8331 2550 81.6497 0 0 
4000 1019.96 122.908 158.92 66.8911 1816.67 83.5711 2483.33 47.1405 0 0 
4100 1007.26 78.4665 158.502 63.3781 1777.27 68.6349 2440.91 66.8043 0 0 
4200 992.735 53.615 156.691 39.8862 1769.05 90.6014 2394.44 49.6904 0 0 
4300 968.386 66.7845 157.292 39.7338 1715.22 86.5206 2330 97.9796 0 0 
4400 951.24 62.6425 157.194 39.1277 1677.27 68.6349 2237.5 92.7025 0 0 
4500 933.262 78.1964 159.89 50.0292 1643.33 85.375 2221.43 88.0631 0 0 
4600 906.195 79.721 162.95 52.0577 1578.57 69.9854 2116.67 47.1405 0 0 
4700 894.348 55.4684 162.057 42.9005 1530 74.8331 2075 43.3013 0 0 
4800 883.023 55.2177 165.464 46.9119 1531.25 72.6184 2050 55.47 0 0 
4900 864.078 51.6323 169.85 48.3741 1520 84.2615 2050 77.4597 0 0 
5000 850 64.4008 170.818 54.6506 1479.41 66.5512 2050 100 0 0 
5100 841.346 64.4661 170.357 51.1986 1436.67 49.8888 1900 50 0 0 
5200 828.571 61.4132 171.377 43.5672 1423.33 77.1722 1925 82.9156 0 0 
5300 812.621 71.8069 176.014 48.9655 1413.16 80.8542 1950 70.7107 0 0 
5400 802.632 73.4017 183.813 57.5944 1340.48 228.671 1900 50 0 0 
5500 791.919 65.2141 188.491 56.5484 1300 224.722 1850 0 0 0 
5600 773.834 55.3071 192.857 53.2784 1331.25 63.4306 1850 0 0 0 
5700 763.488 49.6913 196.789 51.7028 1283.33 47.1405 1816.67 94.2809 0 0 
5800 757.177 39.0824 201.466 51.8969 1283.33 47.1405 1790 80 0 0 
5900 745.477 40.4702 210.49 55.5812 1272.22 53.287 1730 40 0 0 
6000 729.781 50.9576 213.333 53.2986 1250 63.2456 1716.67 47.1405 0 0 
6100 712.567 55.5944 215.49 47.54 1242.31 72.9756 1675 43.3013 0 0 
6200 699.49 52.9704 219.478 46.0501 1238.89 73.7028 1664.29 34.9927 0 0 
6300 683.498 62.4704 223.333 46.0676 1216.67 66.6667 1666.67 37.2678 0 0 
6400 677.876 59.2871 228.07 46.3752 1194.44 49.6904 1630 74.8331 0 0 
6500 674.651 44.164 231.013 49.6637 1191.67 49.3007 1575 43.3013 0 0 
6600 662.565 54.6212 237.5 42.9389 1173.53 54.5507 1600 50 0 0 
6700 652.825 64.1585 239.474 34.4201 1150 50 1516.67 47.1405 0 0 
6800 652.841 51.5983 240.756 38.8741 1134.62 53.2939 1516.67 47.1405 0 0 
6900 650 39.7734 245.794 32.5128 1100 50 1483.33 47.1405 0 0 
7000 644.286 41.0077 245.833 35.109 1072.22 41.574 1475 43.3013 0 0 
7100 636.022 48.839 246.429 33.8815 1058.33 27.6385 1450 0 0 0 
7200 632.796 49.9971 248.19 18.9398 1064.29 34.9927 1450 0 0 0 
7300 625.723 46.7458 250 22.305 1065.38 36.0801 1450 0 0 0 
7400 616.111 47.3332 248.901 25.6541 1050 44.7214 1450 63.2456 0 0 
7500 609.89 49.0121 250 23.1869 1037.5 33.0719 1416.67 74.5356 0 0 
7600 602.273 49.9483 251.408 18.0736 1057.69 61.5385 1375 43.3013 0 0 
7700 590.741 49.1352 250.971 13.9008 1050 81.6497 1400 50 0 0 
7800 577.451 44.6267 252.747 19.4182 1012.5 69.5971 1400 50 0 0 
7900 582.317 46.7687 254.469 27.607 1021.43 45.1754 1350 0 0 0 
8000 580.539 46.0572 254.734 26.2231 1005.56 49.6904 1350 0 0 0 
8100 572.581 43.3268 253.681 18.8295 968.75 39.0312 1350 81.6497 0 0 
8200 566.107 40.2461 257.018 27.7393 950 40.8248 1310 80 0 0 
8300 557.317 34.1463 256.098 26.3539 925 43.3013 1300 86.6025 0 0 
8400 552.21 36.3467 253.165 17.5055 950 50 1300 86.6025 0 0 
8500 551.734 36.4208 256.215 24.1422 928.571 55.7875 1316.67 94.2809 0 0 
8600 546.154 33.7499 259.04 28.6748 926.923 42.1325 1300 150 0 0 
8700 540.26 39.0961 261.258 35.5525 927.778 41.574 1150 0 0 0 
8800 538.608 40.5261 261.184 35.447 904.545 49.793 1183.33 47.1405 0 0 
8900 534.146 38.1573 262.821 33.4318 913.636 48.1046 1200 50 0 0 
9000 528.71 42.4828 263.74 34.4274 885.714 61.0286 1230 40 8950 187.083 
9100 523.684 45.5043 262.308 32.8525 864.286 55.9397 1210 48.9898 8800 327.872 
9200 516.883 47.0634 263.514 34.1868 855.882 63.8987 1150 0 8692.86 427.14 
9300 509.603 54.1995 268.571 40.6829 857.143 59.333 0 0 8461.11 412.161 
9400 511.039 53.8296 272.727 43.6774 858.333 27.6385 1150 0 8316.67 368.179 
9500 508.642 49.2475 272.222 41.574 850 47.1405 1150 0 8207.14 369.777 
9600 498.521 49.9781 272.689 41.8821 850 57.735 1150 0 7905.56 200.616 
9700 490.94 49.1722 277.206 44.502 716.667 188.562 1183.33 47.1405 7716.67 256.038 
9800 485.714 47.9157 283.824 47.3109 778.571 138.505 1183.33 47.1405 7490 185.472 
9900 483.553 47.2174 285.345 47.804 833.333 37.2678 1150 0 7350 169.031 
10000 482.164 46.7105 286.19 48.0551 850 0 1150 0 7372.22 358.323 
10100 475.989 43.8572 288 50.5569 816.667 47.1405 1150 0 7362.5 416.646 
10200 470.359 40.267 286.735 50.2803 816.667 47.1405 0 0 7125 376.663 
10300 471.053 42.3513 289.604 48.9073 807.143 49.4872 1100 50 6750 0 
10400 467.647 40.0043 291 49.1833 816.667 74.5356 1075 82.9156 6750 0 
10500 465.2 38.0652 290.217 49.0337 830 87.178 1050 81.6497 6650 100 
10600 464.634 39.6795 292.553 53.5731 795.455 78.203 1050 0 6550 129.099 
10700 458.219 39.7024 294.211 53.7358 790 80 0 0 6570 166.132 
10800 453.378 35.6703 292.222 49.3914 0 0 0 0 6492.86 225.877 
10900 450.704 27.8236 294.186 49.6608 750 0 1016.67 47.1405 6390 149.666 
11000 455.714 44.3548 301.136 49.9871 761.111 31.427 1025 43.3013 6383.33 194.365 
11100 455.096 41.9222 307.303 49.4637 761.111 31.427 983.333 47.1405 6214.29 194.962 
11200 446.104 31.9966 304.023 49.8379 735.714 34.9927 950 0 6086.36 129.844 
11300 444.326 40.8649 305.556 49.6904 733.333 37.2678 0 0 6150 300 
11400 443.038 40.7479 307.895 49.3728 750 0 1050 0 6400 250 
11500 440.278 37.8584 311.538 48.6504 750 0 1025 43.3013 6050 81.6497 
11600 439.313 35.4941 312.667 48.369 750 0 1010 48.9898 5975 43.3013 
11700 434.8 38.0652 304.167 52.5397 730 40 983.333 47.1405 5825 129.904 
11800 429.508 44.2395 309.494 51.6046 725 43.3013 950 0 5716.67 47.1405 
11900 422.789 46.0077 311.194 48.7308 733.333 37.2678 950 0 5700 111.803 
12000 421.429 48.2341 312.963 51.984 710 48.9898 950 0 5675 119.896 
12100 411.905 53.2397 313.158 51.747 721.429 45.1754 950 0 5650 81.6497 
12200 403.659 51.4705 314 48 735.714 34.9927 950 0 5616.67 124.722 
12300 404.918 51.3785 315.574 47.5127 721.429 45.1754 950 0 5530 146.969 
12400 404.286 51.2298 320.149 45.7603 710 48.9898 0 0 5437.5 189.984 
12500 405.396 49.708 324.138 43.7877 650 0 950 0 5333.33 167.498 
12600 400.714 49.9949 324.545 43.5605 650 0 950 0 5416.67 188.562 
12700 395.89 49.8308 330 40 700 50 950 0 5350 167.332 
12800 390 48.9898 330.702 39.4639 700 50 950 0 5290 135.647 
12900 386.957 48.2687 331.356 38.9462 0 0 950 0 5200 50 
13000 388.655 48.696 326.667 42.2953 650 0 850 100 5216.67 169.967 
13100 384.091 47.4015 328.182 41.3012 650 0 750 0 5210 185.472 
13200 379.927 45.7938 334.444 36.2433 650 0 850 0 5200 150 
13300 378.8 45.2831 335 35.7071 675 43.3013 800 50 5150 100 
13400 382.283 46.756 338.372 32.0559 670 40 850 100 5000 95.7427 
13500 376.087 43.9109 335.714 34.9927 638.889 31.427 916.667 47.1405 4972.22 91.6246 
13600 370.805 40.5915 328.947 40.7682 630 40 900 50 4975 129.904 
13700 369.549 39.6576 336.486 34.1868 625 43.3013 950 0 4935.71 155.183 
13800 362.069 35.1234 344.118 33.7915 650 0 950 0 4864.29 63.8877 
13900 363.115 36.1028 338.462 42.3077 650 0 0 0 4821.43 88.0631 
14000 363.953 34.6504 326.923 50.4418 650 0 0 0 4750 89.4427 
14100 362 34.8712 325 50 650 0 800 50 4750 100 
14200 362.903 35.8486 327.778 41.574 650 0 800 50 4650 0 
14300 359.924 36.7682 327.5 41.7582 675 43.3013 850 0 4590 48.9898 
14400 356.4 39.4847 331.25 39.0312 670 40 850 0 4550 0 
14500 358.696 40.7862 335.714 34.9927 650 0 850 0 4600 50 
14600 358.491 36.647 340.909 28.748 633.333 37.2678 0 0 4583.33 74.5356 
14700 354.762 32.0147 336.364 34.3174 610 48.9898 850 0 4621.43 103.016 
14800 353.81 33.5908 330 40 550 0 800 50 4600 150 
14900 350 30.8607 325 59.5119 550 0 800 50 4521.43 103.016 
15000 346.748 28.3272 319.231 60.5693 583.333 47.1405 800 50 4430 116.619 
15100 342.623 31.7986 333.333 37.2678 616.667 47.1405 750 0 4316.67 47.1405 
15200 342.793 34.7752 321.429 45.1754 600 50 0 0 4350 0 
15300 347.143 29.1373 321.429 45.1754 590 48.9898 0 0 4350 0 
15400 349.057 25.6805 340.909 28.748 600 50 850 0 4300 50 
15500 347.087 25.9061 350 0 550 0 850 0 4250 0 
15600 346.341 32.9268 350 0 600 50 850 0 4283.33 47.1405 
15700 348.214 40.0494 325 43.3013 600 50 0 0 4383.33 124.722 
15800 341.429 36.8117 325 43.3013 550 0 0 0 4316.67 169.967 
15900 340.909 41.6598 350 0 550 0 0 0 4200 50 
16000 341.667 49.3007 0 0 550 0 850 0 4200 50 
16100 338.889 31.427 0 0 550 0 750 100 4075 82.9156 
16200 350 0 0 0 600 50 650 0 4075 82.9156 
16300 350 0 0 0 600 50 0 0 4150 0 
16400 350 0 0 0 583.333 47.1405 0 0 4116.67 94.2809 
16500 350 0 0 0 570 40 0 0 4110 80 
16600 350 0 0 0 550 0 0 0 4100 50 
16700 350 0 0 0 550 0 800 50 4250 0 
16800 0 0 0 0 575 43.3013 800 50 4083.33 169.967 
16900 0 0 0 0 566.667 37.2678 0 0 3983.33 124.722 
17000 0 0 0 0 525 43.3013 0 0 3950 0 
17100 0 0 0 0 450 0 750 0 4016.67 74.5356 
17200 0 0 0 0 0 0 750 0 4025 108.972 
17300 0 0 0 0 550 0 750 0 3900 50 
17400 0 0 0 0 550 0 0 0 3883.33 169.967 
17500 0 0 0 0 550 0 0 0 3930 172.047 
17600 0 0 0 0 516.667 47.1405 0 0 3983.33 124.722 
17700 0 0 0 0 533.333 37.2678 0 0 3700 50 
17800 0 0 0 0 533.333 37.2678 0 0 3700 50 
17900 0 0 0 0 500 50 0 0 3750 0 
18000 0 0 0 0 450 0 0 0 3700 50 
18100 0 0 0 0 450 0 0 0 3650 0 
18200 0 0 0 0 450 0 750 0 3750 0 
18300 0 0 0 0 450 0 750 0 3700 50 
18400 0 0 0 0 500 50 0 0 3616.67 47.1405 
18500 0 0 0 0 516.667 47.1405 0 0 3616.67 47.1405 
18600 0 0 0 0 500 50 0 0 3650 81.6497 
18700 0 0 0 0 0 0 0 0 3633.33 134.371 
18800 0 0 0 0 0 0 0 0 3650 141.421 
18900 0 0 0 0 500 50 0 0 3616.67 124.722 
19000 0 0 0 0 483.333 47.1405 0 0 3570 116.619 
19100 0 0 0 0 450 0 0 0 3600 111.803 
19200 0 0 0 0 450 0 0 0 3650 0 
19300 0 0 0 0 450 0 0 0 4050 0 
19400 0 0 0 0 450 0 650 0 3750 300 
19500 0 0 0 0 0 0 650 0 3450 0 
19600 0 0 0 0 483.333 47.1405 0 0 3450 100 
19700 0 0 0 0 475 43.3013 0 0 3450 100 
19800 0 0 0 0 450 0 650 0 3650 0 
19900 0 0 0 0 450 0 650 0 3650 0 
20000 0 0 0 0 450 0 0 0 0 0 
20100 0 0 0 0 0 0 0 0 3550 0 
20200 250 0 0 0 550 0 0 0 3550 0 
20300 250 0 0 0 500 50 0 0 3450 0 
20400 0 0 0 0 450 0 0 0 3350 141.421 
20500 0 0 0 0 450 0 650 0 3316.67 124.722 
20600 0 0 0 0 450 0 650 0 3350 0 
20700 0 0 0 0 450 0 650 0 0 0 
20800 0 0 0 0 0 0 0 0 3350 0 
20900 0 0 0 0 450 0 0 0 3350 0 
21000 0 0 0 0 450 0 0 0 3550 0 
21100 0 0 0 0 450 0 650 0 3500 50 
21200 0 0 0 0 450 0 650 0 3450 0 
21300 0 0 0 0 0 0 0 0 3350 100 
21400 0 0 0 0 0 0 0 0 3250 0 
21500 0 0 0 0 0 0 0 0 3150 0 
21600 0 0 0 0 0 0 0 0 3150 0 
21700 0 0 0 0 0 0 0 0 0 0 
21800 0 0 0 0 0 0 550 0 3250 0 
21900 0 0 0 0 0 0 550 0 3250 0 
22000 0 0 0 0 0 0 0 0 0 0 
22100 250 0 0 0 0 0 550 0 0 0 
22200 250 0 0 0 0 0 550 0 0 0 
22300 250 0 0 0 0 0 0 0 0 0 
22400 0 0 0 0 0 0 650 0 3050 0 
22500 0 0 0 0 0 0 650 0 3050 0 
22600 0 0 0 0 0 0 0 0 0 0 
22700 0 0 0 0 0 0 0 0 2950 0 
22800 0 0 0 0 0 0 0 0 2950 0 
22900 0 0 0 0 0 0 0 0 0 0 
23000 0 0 0 0 0 0 0 0 0 0 
23100 0 0 0 0 0 0 0 0 0 0 
23200 0 0 0 0 0 0 0 0 0 0 
23300 0 0 0 0 0 0 0 0 2950 0 
23400 0 0 0 0 0 0 0 0 2950 0 
23500 0 0 0 0 0 0 0 0 0 0 
23600 0 0 0 0 0 0 0 0 3150 0 
23700 0 0 0 0 0 0 0 0 3100 50 
23800 0 0 0 0 0 0 0 0 3050 0 
23900 0 0 0 0 0 0 0 0 0 0 
24000 0 0 0 0 0 0 0 0 0 0 
24100 0 0 0 0 0 0 0 0 0 0 
24200 0 0 0 0 0 0 0 0 0 0 
24300 0 0 0 0 0 0 0 0 0 0 
24400 0 0 0 0 0 0 0 0 0 0 
24500 0 0 0 0 0 0 0 0 0 0 
24600 0 0 0 0 0 0 0 0 0 0 
24700 0 0 0 0 0 0 0 0 0 0 
24800 0 0 0 0 0 0 650 0 0 0 
24900 150 0 0 0 0 0 650 0 2511.54 286.996 
25000 150 0 0 0 0 0 0 0 2511.54 286.996 