energy/D:p_stop_mean/D:p_stop_sigma/D:proton_mean/D:proton_sigma/D:deuteron_mean/D:deuteron_sigma/D:triton_mean/D:triton_sigma/D
0 0 0 0 0 0 0 0 0 0 0 
100 0 0 0 0 0 0 0 0 0 0 
200 0 0 0 0 0 0 0 0 0 0 
300 0 0 0 0 0 0 0 0 0 0 
400 0 0 0 0 0 0 0 0 0 0 
500 0 0 0 0 0 0 0 0 0 0 
600 0 0 0 0 0 0 0 0 0 0 
700 0 0 0 0 0 0 0 0 0 0 
800 0 0 0 0 0 0 0 0 0 0 
900 0 0 0 0 0 0 0 0 0 0 
1000 0 0 0 0 0 0 0 0 0 0 
1100 0 0 0 0 0 0 0 0 0 0 
1200 0 0 0 0 0 0 0 0 0 0 
1300 0 0 0 0 0 0 0 0 0 0 
1400 0 0 0 0 0 0 0 0 0 0 
1500 0 0 0 0 0 0 0 0 0 0 
1600 0 0 0 0 0 0 0 0 0 0 
1700 0 0 0 0 0 0 0 0 0 0 
1800 0 0 0 0 0 0 0 0 0 0 
1900 0 0 0 0 0 0 0 0 0 0 
2000 0 0 0 0 0 0 0 0 0 0 
2100 0 0 0 0 0 0 0 0 0 0 
2200 2050.18 0.250125 2050.18 0.249891 0 0 0 0 0 0 
2300 2050.18 0.24989 2050.18 0.24989 0 0 0 0 0 0 
2400 0 0 0 0 0 0 0 0 0 0 
2500 0 0 0 0 0 0 0 0 0 0 
2600 0 0 0 0 0 0 0 0 0 0 
2700 0 0 0 0 0 0 0 0 0 0 
2800 0 0 0 0 0 0 0 0 0 0 
2900 0 0 0 0 0 0 0 0 0 0 
3000 0 0 0 0 0 0 0 0 0 0 
3100 0 0 0 0 0 0 0 0 0 0 
3200 0 0 0 0 0 0 0 0 0 0 
3300 0 0 0 0 0 0 0 0 0 0 
3400 0 0 150.18 0.24989 0 0 0 0 0 0 
3500 0 0 150.18 0.249889 0 0 0 0 0 0 
3600 0 0 50.1804 0.249889 0 0 0 0 0 0 
3700 0 0 50.1804 0.249894 0 0 0 0 0 0 
3800 0 0 0 0 0 0 0 0 0 0 
3900 0 0 0 0 0 0 0 0 0 0 
4000 0 0 0 0 0 0 0 0 0 0 
4100 0 0 0 0 0 0 0 0 0 0 
4200 0 0 0 0 0 0 0 0 0 0 
4300 0 0 0 0 0 0 0 0 0 0 
4400 0 0 0 0 0 0 0 0 0 0 
4500 0 0 0 0 0 0 0 0 0 0 
4600 0 0 0 0 0 0 0 0 0 0 
4700 0 0 0 0 0 0 0 0 0 0 
4800 0 0 0 0 0 0 0 0 0 0 
4900 0 0 0 0 0 0 0 0 0 0 
5000 0 0 0 0 0 0 0 0 0 0 
5100 850.18 0.249894 850.168 0.238924 0 0 0 0 0 0 
5200 850.171 0.242475 850.18 0.249886 0 0 0 0 0 0 
5300 0 0 0 0 0 0 0 0 0 0 
5400 0 0 0 0 0 0 0 0 0 0 
5500 0 0 250.168 0.238926 0 0 0 0 0 0 
5600 0 0 250.18 0.249885 0 0 0 0 0 0 
5700 0 0 0 0 0 0 0 0 0 0 
5800 0 0 0 0 0 0 0 0 0 0 
5900 0 0 0 0 0 0 0 0 0 0 
6000 0 0 0 0 0 0 0 0 0 0 
6100 0 0 0 0 0 0 0 0 0 0 
6200 0 0 150.183 0.251952 0 0 0 0 0 0 
6300 0 0 150.175 0.245376 0 0 0 0 0 0 
6400 0 0 0 0 0 0 0 0 0 0 
6500 0 0 250.179 0.248897 0 0 0 0 0 0 
6600 0 0 250.18 0.249886 0 0 0 0 0 0 
6700 0 0 0 0 0 0 0 0 0 0 
6800 0 0 0 0 0 0 0 0 0 0 
6900 0 0 0 0 0 0 0 0 0 0 
7000 0 0 0 0 0 0 0 0 0 0 
7100 0 0 0 0 0 0 0 0 0 0 
7200 0 0 0 0 0 0 0 0 0 0 
7300 0 0 0 0 0 0 0 0 0 0 
7400 650.183 0.251952 650.167 0.237959 0 0 0 0 0 0 
7500 650.169 0.239989 650.168 0.23877 0 0 0 0 0 0 
7600 0 0 0 0 0 0 0 0 0 0 
7700 0 0 0 0 0 0 0 0 0 0 
7800 0 0 0 0 0 0 0 0 0 0 
7900 0 0 0 0 0 0 0 0 0 0 
8000 0 0 0 0 0 0 0 0 0 0 
8100 0 0 0 0 0 0 0 0 0 0 
8200 0 0 0 0 0 0 0 0 0 0 
8300 0 0 0 0 0 0 0 0 0 0 
8400 0 0 0 0 0 0 0 0 0 0 
8500 0 0 0 0 0 0 0 0 0 0 
8600 0 0 0 0 0 0 0 0 0 0 
8700 0 0 0 0 0 0 0 0 0 0 
8800 0 0 0 0 0 0 0 0 0 0 
8900 0 0 0 0 0 0 0 0 0 0 
9000 0 0 0 0 0 0 0 0 0 0 
9100 0 0 0 0 0 0 0 0 0 0 
9200 0 0 0 0 0 0 0 0 0 0 
9300 550.169 0.239488 550.18 0.249949 0 0 0 0 0 0 
9400 550.18 0.249945 550.18 0.249919 0 0 0 0 0 0 
9500 0 0 0 0 0 0 0 0 0 0 
9600 0 0 0 0 0 0 0 0 0 0 
9700 0 0 0 0 0 0 0 0 0 0 
9800 0 0 0 0 0 0 0 0 0 0 
9900 350.18 0.249919 350.18 0.249876 0 0 0 0 0 0 
10000 350.18 0.249876 350.18 0.249876 0 0 0 0 0 0 
