#input normalization
1 0
1 0
#output normalization
1 0
#neurons weights
-0.1786
-0.346942
-2.67074
-1.80546
7.64736
-1.50138
2.46205
11.9465
7.70415
0.896845
-4.61145
-7.53216
2.07412
-0.293351
8.45511
-0.363349
-3.48445
-13.5456
10.6217
4.12427
-9.61543
3.75717
-13.8536
#synapses weights
24.4039
24.3997
-31.8254
-37.7315
-39.7836
-26.9493
-33.3842
-16.6206
-26.9721
-17.5587
-39.687
-42.0778
25.4922
15.9317
-8.7328
-50.6919
-9.65423
-8.94253
3.80445
0.531672
-29.4287
-29.2611
14.4531
28.9992
-10.9198
-0.214728
-14.1055
-13.5239
-15.04
-24.9289
20.156
6.27451
-11.9149
-0.551742
-34.3877
-0.109348
5.95481
-0.340047
-37.056
-18.1712
38.7169
-27.454
-54.212
-47.5835
-43.9913
-39.0101
10.1561
0.709643
-23.8401
-48.3853
-19.4367
-21.6772
53.2756
-17.6542
-16.283
-2.9993
-67.305
-48.2202
21.9733
-31.6087
