#input normalization
1 0
1 0
#output normalization
1 0
#neurons weights
0.295743
-0.0377314
-2.01333
7.79548
-0.44522
-2.02671
-38.3724
-0.671718
4.62286
13.9214
-10.7356
-3.01622
2.1479
-20.6606
-0.819241
-4.41074
-2.91335
-3.31499
28.5574
-20.1412
-1.74447
-1.47798
-8.52786
#synapses weights
-12.393
-24.3017
-7.55069
-1.09068
-4.75871
-13.2571
-1.91533
-31.7702
33.2947
3.5832
-16.3833
-42.4132
-32.65
-0.0730784
-23.0849
-1.09398
-7.40262
-13.6839
-11.5945
-22.3636
4.79353
73.1492
22.4054
0.827532
-21.1228
-35.4304
-6.63141
-6.0007
-4.03212
-9.06477
-23.6845
-25.7055
-52.2326
-1.05368
9.84425
2.64053
-14.9004
-31.2678
-13.8613
-41.7499
-9.22131
-15.0477
2.90497
4.22741
18.9913
-11.2475
-22.2659
19.7533
18.7074
-19.1615
10.2668
-13.9736
-22.7643
-10.1208
-1.56128
-17.0675
-10.7157
-15.7051
-17.0114
-11.2111
